SampleName	raw_reads	raw_bases	trimmed_reads	trimmed_bases	unique_reads	unique_bases	duplicate_reads	duplicate_bases	host_reads
Pilot_8000_1_1_D11	14364349	4194389908	14077510	4008556676	13582193	3865949178	485884	139955332	9433
Pilot_8000_2_1_D8	26820886	7831698712	26217825	7524129201	25194889	7228171635	1019435	294980722	3501
Pilot_8000_6_1_A8	32785566	9573385272	31919380	9009685581	30643916	8643733552	1274605	365743068	859
Pilot_8001_2_1_E1	23369527	6823901884	22919856	6551125569	22012954	6289147330	903392	261073546	3510
Pilot_8001_6_1_A2	13541575	3954139900	13119923	3695351597	12769471	3594882535	349638	100282506	814
Pilot_8001_7_1_B11	111425427	32536224684	108870730	31150521980	103951326	29728818124	4781143	1383250629	138261
Pilot_8002_1_1_E11	29134021	8507134132	28672311	8187715287	26065708	7447036391	1013748	292334186	1592855
Pilot_8002_2_1_E10	11041590	3224144280	10900633	3120042067	10674525	3054767806	225531	65117413	577
Pilot_8002_6_2_B4	47511823	13873452316	46435104	13309428362	44702466	12808406915	1724437	498729124	8201
Pilot_8002_7_1_B5	15366203	4486931276	15029516	4281410919	14498532	4129044441	494715	142427417	36269
Pilot_8003_1_1_E6	22627188	6607138896	22201107	6373450455	21250101	6098679437	950111	274522809	895
Pilot_8003_2_1_E7	45409708	13259634736	44347357	12678769206	42666922	12193244498	1677531	484763946	2904
Pilot_8003_6_2_A7	63242626	18466846792	62048149	17779746360	58992847	16895640550	3053423	883605740	1879
Pilot_8003_7_2_B2	35647804	10409158768	34903986	10009026011	32935446	9438595288	1967437	570140415	1103
Pilot_8004_1_1_F4	14567830	4253806360	14258819	4053177673	13830157	3929756674	426485	122832633	2177
Pilot_8004_2_1_F5	25042692	7312466064	24332054	6927241791	23401277	6658825427	926984	267363828	3793
Pilot_8004_6_1_B1	12597382	3678435544	12257195	3464395953	11934066	3371542734	322919	92798731	210
Pilot_8004_7_3_B6	58062235	16954172620	56794986	16268138313	54453006	15591109112	2341161	676800362	819
Pilot_8006_1_1_G1	22630764	6608183088	22174870	6344650741	21354846	6107786071	814494	235346248	5530
Pilot_8006_2_1_G6	11483389	3353149588	11228625	3210074363	10824418	3093420600	403601	116484844	606
Pilot_8006_6_1_A6	21667158	6326810136	21136311	5973592566	20435895	5772445902	697754	200425357	2662
Pilot_8006_7_3_C4	41095757	11999961044	40406994	11596901482	38771307	11124194321	1594231	461085690	41456
Pilot_8007_2_1_F9	18565115	5421013580	18157889	5186289202	17553052	5011722127	603593	174242817	1244
Pilot_8007_6_1_A11	17436996	5091602832	17033264	4868589330	16462375	4703744794	570671	164789153	218
Pilot_8008_1_1_H2	31194500	9108794000	30501614	8728067867	29310265	8383722764	1189960	343970738	1389
Pilot_8008_6_1_B10	13266548	3873832016	12908153	3651304141	12506706	3535834704	400978	115344358	469
Pilot_8008_7_3_B5	33693536	9838512512	33251238	9509019570	32831102	9387780564	407839	117746049	12297
Pilot_8009_1_1_H10	28465357	8311884244	27799495	7943988271	26678993	7620682190	1106951	319615576	13551
Pilot_8009_2_1_G10	29950840	8745645280	29352117	8420081350	28334016	8125857156	1013537	292942604	4564
Pilot_8009_6_3_B11	73212963	21378185196	71575605	20495500822	68116658	19495053885	3445992	996941452	12955
Pilot_8009_7_3_F6	32211641	9405799172	31479479	9026469170	30259825	8673902805	1218254	352185666	1400
Pilot_8010_1_1_H4	17898078	5226238776	17634199	5050879039	16863120	4828308843	757791	218812081	13288
Pilot_8010_2_1_H6	25007972	7302327824	24651391	7069439040	23550538	6751057081	1072831	310491378	28022
Pilot_8010_6_3_B3	22205359	6483964828	21790759	6236459570	20826052	5957458577	960568	277832184	4139
Pilot_8010_7_3_B4	31672153	9248268676	30981970	8827076561	29031298	8262918674	1945165	562625368	5507
Pilot_8011_1_1_C9	17412757	5084525044	17043294	4882482560	16390682	4693878799	643138	185926330	9474
Pilot_8011_2_2_A9	56990197	16641137524	55985579	16050607762	53291609	15271140811	2689922	778343111	4048
Pilot_8011_6_3_A4	33601232	9811559744	33092231	9462155020	32213959	9208851295	874404	252212538	3868
Pilot_8011_7_3_G9	27315478	7976119576	26764698	7612906300	25727311	7315235688	947063	272327124	90324
Pilot_8012_1_2_D5	19141328	5589267776	18823579	5397704019	18060212	5177744749	738507	213191109	24860
Pilot_8012_2_2_D4	9160681	2674918852	8963851	2529866127	8561949	2418065520	299513	85988356	102389
Pilot_8012_6_4_B5	29826552	8709353184	29272011	8387806287	27705515	7935894276	1436326	415735130	130170
Pilot_8012_7_4_F12	9399514	2744658088	9238926	2648062468	8795952	2520640481	356629	103067088	86345
Pilot_8013_1_1_H8	24171229	7057998868	23761948	6782906817	22919201	6540114218	794155	229114326	48592
Pilot_8013_2_2_C6	24381031	7119261052	23648924	6754620629	22739447	6492656527	787571	227467539	121906
Pilot_8013_6_3_A5	62722714	18315032488	61344961	17598603227	49609636	14190123663	11698544	3398021136	36781
Pilot_8013_7_3_A3	19590730	5720493160	19105938	5469445533	18316426	5241250053	788341	227868753	1171
Pilot_8014_2_1_C10	30396540	8875789680	29792607	8516815201	28573751	8165112976	1218698	351660685	158
Pilot_8014_6_2_C4	69833494	20391380248	68315875	19520675521	64984152	18558460953	3312249	956721657	19474
Pilot_8014_7_3_A9	57384125	16756164500	56155684	16067945166	54114126	15478064019	2036664	588513941	4894
Pilot_8016_1_1_D7	15762091	4602530572	15486266	4435704862	14910565	4269281023	570332	164947755	5369
Pilot_8016_2_1_D5	18218023	5319662716	17861760	5083098990	17147989	4881031515	611590	175992144	102181
Pilot_8016_6_3_A10	20617514	6020314088	20312696	5822390770	19175267	5496222375	672963	194242754	464466
Pilot_8016_7_4_F3	74375023	21717506716	73216599	20907739233	69687054	19888780446	3503474	1011892397	26071
Pilot_8017_1_1_B3	63228088	18462601696	61804131	17510363986	53101617	15107136116	2401790	692842525	6300724
Pilot_8017_2_1_B4	13492762	3939886504	12847206	3594089807	12404255	3470111855	258830	74003365	184121
Pilot_8017_6_4_E12	13285161	3879267012	13122049	3748373071	12475301	3562787147	502703	144853033	144045
Pilot_8017_7_3_F10	44273128	12927753376	43203634	12387290086	41423352	11873415998	1590799	460193347	189483
Pilot_8018_1_1_A3	9705587	2834031404	9445290	2677680450	9160696	2596111699	276660	79496756	7934
Pilot_8018_6_4_F1	15971438	4663659896	15537204	4420095213	15015875	4269731757	519503	149931750	1826
Pilot_8018_7_3_G12	30758393	8981450756	30061000	8620279198	28683514	8221565960	1371420	397052143	6066
Pilot_8020_1_1_G11	23719505	6926095460	23259524	6671987643	20685458	5925657345	2540307	736822685	33759
Pilot_8020_2_1_G12	28499910	8321973720	28022964	8028633088	23295805	6657715702	4628584	1343110991	98575
Pilot_8020_6_3_A6	32818958	9583135736	31885137	9123880150	30352326	8681941845	1281720	370616080	251091
Pilot_8020_7_3_E10	73417188	21437818896	71916404	20623927218	64158880	18372393687	7753364	2250376535	4160
Pilot_8021_1_1_C2	41459031	12106037052	40452826	11572164398	38865140	11113401913	1585498	458172524	2188
Pilot_8021_2_1_B9	18058889	5273195588	17695006	5073576009	17052320	4887802115	640565	185184067	2121
Pilot_8021_6_4_E8	16131936	4710525312	15733767	4504616875	15061390	4310843472	648125	187298697	24252
Pilot_8021_7_4_E11	19111987	5580700204	18601624	5328854005	17851079	5111824754	744678	215386422	5867
Pilot_8022_1_1_D6	10464713	3055696196	10174737	2896337652	9902765	2817806398	271892	78510907	80
Pilot_8022_2_1_A5	20988655	6128687260	20470359	5848576941	19856988	5671702507	612866	176740602	505
Pilot_8022_6_3_G1	13279902	3877731384	12990603	3726015969	12540113	3595856703	449251	129819183	1239
Pilot_8022_7_4_B12	18991136	5545411712	18647694	5339921902	18115617	5186171009	531637	153631391	440
Pilot_8023_2_1_C6	40864671	11932483932	40184957	11513802186	37854749	10839157449	2328961	674298645	1247
Pilot_8023_6_3_D11	20709397	6047143924	20450162	5851014720	19800682	5663846312	649060	187051009	420
Pilot_8023_7_4_F2	16490921	4815348932	16180643	4637999819	15512303	4444480504	667779	193363535	561
Pilot_8024_1_2_A4	31592993	9225153956	30958288	8872124306	29743460	8520986353	1196616	346101388	18212
Pilot_8024_2_2_C12	48609658	14194020136	47275370	13509904117	45152896	12897091955	2000136	578105349	122338
Pilot_8024_6_4_B6	1892723	552675116	1842912	519517243	1791417	504828662	49963	14277125	1532
Pilot_8024_7_4_G6	8854372	2585476624	8671689	2489119605	8410213	2413517282	261283	75548874	193
Pilot_8025_1_1_C3	52336989	15282400788	51200085	14681664049	48305236	13842768018	2890375	837674387	4474
Pilot_8025_2_1_B8	14336073	4186133316	14052415	4002275095	13575448	3864844204	476770	137376824	197
Pilot_8025_6_3_G6	20951316	6117784272	20420180	5803197654	19777992	5618613091	641059	184287019	1129
Pilot_8025_7_3_H1	26182680	7645342560	25570208	7329491999	24496853	7019002243	1071816	310072098	1539
Pilot_8026_2_1_F1	16461401	4806729092	16082318	4594457872	15566259	4445404037	515523	148908644	536
Pilot_8026_6_4_D10	29227653	8534474676	28419021	8132612320	27465740	7856852471	952024	275418964	1257
Pilot_8026_7_4_C1	42470384	12401352128	41535132	11878270452	39883566	11400888029	1650378	477070315	1188
Pilot_8027_1_1_B6	5956326	1739247192	5837631	1671348091	5655203	1618696836	180118	52000376	2310
Pilot_8027_2_1_A1	9019847	2633795324	8814048	2503380295	8753727	2486075713	50382	14502632	9939
Pilot_8027_6_4_E6	11910752	3477939584	11691442	3315764366	11256480	3190789609	429228	123394781	5734
Pilot_8027_7_3_G11	29711749	8675830708	29046136	8318191081	27806690	7960663976	1149169	332307834	90277
Pilot_8028_1_1_C1	29503227	8614942284	29027556	8286626758	27957644	7978124403	1041878	300878598	28034
Pilot_8029_1_2_A2	35233904	10288299968	34767078	9942379920	33384615	9543097828	1381724	399093584	739
Pilot_8029_2_2_A3	38813177	11333447684	38286338	10956528297	36724217	10505315789	1561309	450998373	812
Pilot_8029_6_3_E11	40149866	11723760872	39399078	11277883671	38378991	10983011167	1018963	294561900	1124
Pilot_8029_7_3_E12	43848609	12803793828	43007705	12321226778	41533131	11895119867	1405882	406677249	68692
Pilot_8030_1_2_C2	28821136	8415771712	28555379	8192014307	27262983	7818513342	1289510	372712324	2886
Pilot_8030_2_2_C5	34740779	10144307468	33777188	9571705967	32696752	9260244520	1074509	309941713	5927
Pilot_8030_6_4_B9	15993411	4670076012	15526178	4453080105	14932917	4281585625	588506	170172489	4755
Pilot_8030_7_4_F11	36637961	10698284612	35830667	10264238435	34188734	9789578745	1639564	474000156	2369
Pilot_8031_6_4_D6	18964769	5537712548	18519024	5302133858	17819061	5100536143	588439	169944519	111524
Pilot_8031_7_4_C4	25021755	7306352460	24470389	6996981382	23652291	6761025432	811574	234179009	6524
Pilot_8032_1_1_C5	32028645	9352364340	31423067	8920495868	30328224	8605272473	1076682	310277776	18161
Pilot_8032_2_1_C4	42804239	12498837788	41823411	11819408225	39839874	11250917546	1903114	546842076	80423
Pilot_8032_6_4_D5	27627667	8067278764	26882752	7684016343	25898609	7400033718	972103	280669143	12040
Pilot_8032_7_3_G2	15368110	4487488120	15156734	4325623367	14985627	4276722718	113623	32761671	57484
Pilot_8033_1_1_A4	21585898	6303082216	21110184	6038196064	20404604	5834928320	657918	189968333	47662
Pilot_8033_2_1_B2	23636415	6901833180	23240902	6621692519	22942657	6535625800	291219	84085266	7026
Pilot_8033_6_4_C2	30267056	8837980352	29637806	8486129614	28568627	8177328904	1038393	300218154	30786
Pilot_8033_7_3_D6	22787875	6654059500	22309878	6379928500	21614712	6179201695	690369	199396011	4797
Pilot_8034_1_2_B7	10843624	3166338208	10634640	3042137166	10310158	2948410546	322643	93216044	1839
Pilot_8034_2_4_A2	14143135	4129795420	13814115	3962739310	13365005	3832928670	445639	128843957	3471
Pilot_8034_6_3_F3	41054587	11987939404	39936387	11406337453	38532337	11000810047	1403247	405307387	803
Pilot_8034_7_3_D9	39137360	11428109120	37969469	10780048868	36495726	10356481320	1470990	422804642	2753
Pilot_8035_1_3_C8	21260297	6208006724	20633594	5859352020	19797587	5621595914	609635	175823664	226372
Pilot_8035_2_4_C3	19245465	5619675780	18671266	5340799443	18162853	5194597874	439397	126982620	69016
Pilot_8036_1_3_C9	49337975	14406688700	48422620	13871977202	46465312	13306383427	1903936	550709904	53372
Pilot_8036_2_3_C10	17772080	5189447360	17375380	4974254987	16786277	4804281362	581091	167736191	8012
Pilot_8036_6_4_G8	3	876	3	670	3	670	0	0	0
Pilot_8036_7_4_H8	24665724	7202391408	24084464	6900385863	23133798	6625466999	950250	274803659	416
Pilot_8037_1_2_B12	17759238	5185697496	17345763	4956162812	16708215	4772416331	632755	182441362	4793
Pilot_8037_2_3_H9	17156939	5009826188	16793737	4803259526	16126518	4611367127	552365	159549031	114854
Pilot_8037_6_4_B1	5983187	1747090604	5852714	1671967083	5679249	1622016333	165702	47823124	7763
Pilot_8037_7_4_G2	44111803	12880646476	43338491	12420185505	41797714	11975159073	1513244	437743915	27533
Pilot_8038_1_2_B9	18825680	5497098560	18368142	5262983026	17785122	5094428709	582936	168532765	84
Pilot_8038_2_3_H5	19916790	5815702680	19414643	5523308223	18834438	5356814442	579850	166408587	355
Pilot_8038_6_4_B7	38286228	11179578576	37584993	10725872798	35446531	10117545929	297437	85802489	1841025
Pilot_8038_7_4_G4	32547486	9503865912	31785939	9107992257	30578626	8759077075	1205574	348461021	1739
Pilot_8039_1_3_H7	27980228	8170226576	27405174	7861421068	26444285	7583679287	946314	273683984	14575
Pilot_8039_2_3_C6	47310535	13814676220	46177650	13200509915	44422780	12694135589	1727783	498759488	27087
Pilot_8039_6_4_A5	9180316	2680652272	8967703	2573479722	8688092	2492604288	278443	80549349	1168
Pilot_8039_7_5_E7	16479406	4811986552	16179144	4644956356	15593522	4475668365	584248	168911394	1374
Pilot_8041_1_3_F12	19807329	5783740068	19334689	5534317729	18577268	5315775610	747326	215712552	10095
Pilot_8041_2_3_G4	16941430	4946897560	16560102	4741950030	15976681	4573581798	552757	159745216	30664
Pilot_8041_6_4_H7	9514236	2778156912	9277998	2662758192	8872670	2545912022	328192	94962309	77136
Pilot_8041_7_4_H4	30581863	8929903996	29977179	8595794038	28699048	8225714868	1277833	369999461	298
